16
UrsusArctos_Margo       0.0000000 0.2010133 0.3420541 0.3542823 0.2943724 0.3043030 0.3977951 0.3716381 0.2946625 0.2956772 0.3471294 0.3368699 0.2173057 0.0899874 0.1205419 0.1707784 
UrsusArctos_Adelaide    0.2010133 0.0000000 0.3315588 0.3553558 0.3095713 0.2978060 0.4057049 0.3711213 0.3266981 0.3971977 0.3198272 0.4282207 0.2591826 0.0587748 0.2016365 0.2018308 
UrsusAmericanus_Noah    0.3420541 0.3315588 0.0000000 0.1703764 0.3490569 0.3381355 0.3805840 0.3484408 0.1469332 0.3738538 0.3361199 0.2487982 0.2703748 0.2118885 0.2991025 0.2333109 
UrsusAmericanus_Montana 0.3542823 0.3553558 0.1703764 0.0000000 0.3655612 0.3609150 0.3912879 0.3380017 0.1029702 0.3909142 0.3511427 0.1367349 0.3245828 0.1899858 0.2857415 0.2943344 
UrsusMaritimus_Maria    0.2943724 0.3095713 0.3490569 0.3655612 0.0000000 0.1622574 0.4403673 0.3999897 0.3575334 0.4402228 0.3537541 0.4069042 0.1120924 0.1408060 0.2386706 0.0939832 
UrsusMaritimus_Maripepa 0.3043030 0.2978060 0.3381355 0.3609150 0.1622574 0.0000000 0.4320435 0.4019926 0.3775637 0.4689414 0.3721067 0.4396603 0.1170152 0.1395981 0.2670305 0.0849899 
Ailuropoda_Siro         0.3977951 0.4057049 0.3805840 0.3912879 0.4403673 0.4320435 0.0000000 0.1703776 0.3496238 0.1729834 0.1422093 0.4656071 0.3230302 0.1568475 0.3506793 0.2551510 
Ailuropoda_Pepe         0.3716381 0.3711213 0.3484408 0.3380017 0.3999897 0.4019926 0.1703776 0.0000000 0.3168701 0.1938875 0.1409161 0.3790544 0.3261006 0.1931309 0.3173302 0.2341794 
UrsusAmericanus_Oskar   0.2946625 0.3266981 0.1469332 0.1029702 0.3575334 0.3775637 0.3496238 0.3168701 0.0000000 0.3241237 0.1948916 0.0992727 0.2874137 0.1192599 0.2797882 0.2681161 
Ailuropoda_Juan         0.2956772 0.3971977 0.3738538 0.3909142 0.4402228 0.4689414 0.1729834 0.1938875 0.3241237 0.0000000 0.1466538 0.4118856 0.3517000 0.1712013 0.3474301 0.2498019 
Ailuropoda_Luisa        0.3471294 0.3198272 0.3361199 0.3511427 0.3537541 0.3721067 0.1422093 0.1409161 0.1948916 0.1466538 0.0000000 0.1669861 0.2421124 0.1243379 0.3492323 0.1062874 
UrsusAmericanus_Summer  0.3368699 0.4282207 0.2487982 0.1367349 0.4069042 0.4396603 0.4656071 0.3790544 0.0992727 0.4118856 0.1669861 0.0000000 0.3515618 0.1665024 0.2852884 0.3557160 
UrsusMaritimus_Margaret 0.2173057 0.2591826 0.2703748 0.3245828 0.1120924 0.1170152 0.3230302 0.3261006 0.2874137 0.3517000 0.2421124 0.3515618 0.0000000 0.1602676 0.2086637 0.0226064 
UrsusArctos_Amparo      0.0899874 0.0587748 0.2118885 0.1899858 0.1408060 0.1395981 0.1568475 0.1931309 0.1192599 0.1712013 0.1243379 0.1665024 0.1602676 0.0000000 0.1120313 0.0850042 
UrsusArctos_Paco        0.1205419 0.2016365 0.2991025 0.2857415 0.2386706 0.2670305 0.3506793 0.3173302 0.2797882 0.3474301 0.3492323 0.2852884 0.2086637 0.1120313 0.0000000 0.2010651 
UrsusMaritimus_Joseph   0.1707784 0.2018308 0.2333109 0.2943344 0.0939832 0.0849899 0.2551510 0.2341794 0.2681161 0.2498019 0.1062874 0.3557160 0.0226064 0.0850042 0.2010651 0.0000000 
