8
UrsusArctos_Margo       0.0000000 0.2049658 0.3429475 0.3629819 0.2912234 0.2980192 0.4018797 0.3728663 
UrsusArctos_Adelaide    0.2049658 0.0000000 0.3477991 0.3589088 0.3136388 0.3025575 0.4234265 0.3803689 
UrsusAmericanus_Noah    0.3429475 0.3477991 0.0000000 0.1752534 0.3637138 0.3534665 0.3919808 0.3586121 
UrsusAmericanus_Montana 0.3629819 0.3589088 0.1752534 0.0000000 0.3774063 0.3688566 0.3971735 0.3408853 
UrsusMaritimus_Maria    0.2912234 0.3136388 0.3637138 0.3774063 0.0000000 0.1575332 0.4466291 0.3945057 
UrsusMaritimus_Maripepa 0.2980192 0.3025575 0.3534665 0.3688566 0.1575332 0.0000000 0.4434231 0.3960430 
Ailuropoda_Siro         0.4018797 0.4234265 0.3919808 0.3971735 0.4466291 0.4434231 0.0000000 0.1683933 
Ailuropoda_Pepe         0.3728663 0.3803689 0.3586121 0.3408853 0.3945057 0.3960430 0.1683933 0.0000000 
