16
UrsusArctos_Margo       0.0000000 0.2172102 0.3704062 0.3919742 0.3109927 0.3188653 0.4332761 0.4021614 0.3238797 0.3540848 0.4368007 0.4177524 0.2432463 0.1275484 0.1310511 0.1832711 
UrsusArctos_Adelaide    0.2172102 0.0000000 0.3685630 0.3796614 0.3304750 0.3178743 0.4487924 0.4024937 0.3810958 0.4587796 0.3748184 0.4973524 0.2919747 0.0752030 0.2051149 0.2086126 
UrsusAmericanus_Noah    0.3704062 0.3685630 0.0000000 0.1834396 0.3856628 0.3744630 0.4173754 0.3816433 0.1580860 0.4570723 0.4217262 0.2919825 0.3183345 0.2818570 0.3292535 0.2422297 
UrsusAmericanus_Montana 0.3919742 0.3796614 0.1834396 0.0000000 0.3997466 0.3906191 0.4220873 0.3626013 0.1158809 0.4426155 0.4294230 0.1508903 0.3644034 0.2457991 0.3181667 0.2850589 
UrsusMaritimus_Maria    0.3109927 0.3304750 0.3856628 0.3997466 0.0000000 0.1638197 0.4751747 0.4190411 0.3943024 0.4902599 0.4403926 0.4702416 0.1176762 0.1669195 0.2461947 0.0836194 
UrsusMaritimus_Maripepa 0.3188653 0.3178743 0.3744630 0.3906191 0.1638197 0.0000000 0.4702190 0.4203846 0.4119064 0.5194639 0.4651884 0.4931453 0.1237675 0.1726886 0.2677071 0.0937788 
Ailuropoda_Siro         0.4332761 0.4487924 0.4173754 0.4220873 0.4751747 0.4702190 0.0000000 0.1758529 0.3971390 0.1837818 0.1663489 0.4958452 0.3667236 0.1978278 0.3922239 0.2846557 
Ailuropoda_Pepe         0.4021614 0.4024937 0.3816433 0.3626013 0.4190411 0.4203846 0.1758529 0.0000000 0.3542409 0.2075551 0.1531162 0.4141424 0.3570052 0.2598259 0.3502906 0.2617087 
UrsusAmericanus_Oskar   0.3238797 0.3810958 0.1580860 0.1158809 0.3943024 0.4119064 0.3971390 0.3542409 0.0000000 0.3649408 0.2576217 0.1099650 0.3432594 0.1585729 0.3229500 0.2893924 
Ailuropoda_Juan         0.3540848 0.4587796 0.4570723 0.4426155 0.4902599 0.5194639 0.1837818 0.2075551 0.3649408 0.0000000 0.1691290 0.4514121 0.3857942 0.2276413 0.4280993 0.2837400 
Ailuropoda_Luisa        0.4368007 0.3748184 0.4217262 0.4294230 0.4403926 0.4651884 0.1663489 0.1531162 0.2576217 0.1691290 0.0000000 0.2304860 0.3176455 0.1670612 0.4633542 0.1700695 
UrsusAmericanus_Summer  0.4177524 0.4973524 0.2919825 0.1508903 0.4702416 0.4931453 0.4958452 0.4141424 0.1099650 0.4514121 0.2304860 0.0000000 0.4261185 0.2190439 0.3497526 0.4718339 
UrsusMaritimus_Margaret 0.2432463 0.2919747 0.3183345 0.3644034 0.1176762 0.1237675 0.3667236 0.3570052 0.3432594 0.3857942 0.3176455 0.4261185 0.0000000 0.1874728 0.2162384 0.0216568 
UrsusArctos_Amparo      0.1275484 0.0752030 0.2818570 0.2457991 0.1669195 0.1726886 0.1978278 0.2598259 0.1585729 0.2276413 0.1670612 0.2190439 0.1874728 0.0000000 0.1293385 0.1128407 
UrsusArctos_Paco        0.1310511 0.2051149 0.3292535 0.3181667 0.2461947 0.2677071 0.3922239 0.3502906 0.3229500 0.4280993 0.4633542 0.3497526 0.2162384 0.1293385 0.0000000 0.2080904 
UrsusMaritimus_Joseph   0.1832711 0.2086126 0.2422297 0.2850589 0.0836194 0.0937788 0.2846557 0.2617087 0.2893924 0.2837400 0.1700695 0.4718339 0.0216568 0.1128407 0.2080904 0.0000000 
