8
UrsusArctos_Margo       0.0000000 0.2049669 0.3429504 0.3629847 0.2912255 0.2980214 0.4018831 0.3728694 
UrsusArctos_Adelaide    0.2049669 0.0000000 0.3478017 0.3589116 0.3136409 0.3025596 0.4234301 0.3803719 
UrsusAmericanus_Noah    0.3429504 0.3478017 0.0000000 0.1752542 0.3637168 0.3534692 0.3919839 0.3586148 
UrsusAmericanus_Montana 0.3629847 0.3589116 0.1752542 0.0000000 0.3774094 0.3688595 0.3971766 0.3408876 
UrsusMaritimus_Maria    0.2912255 0.3136409 0.3637168 0.3774094 0.0000000 0.1575339 0.4466329 0.3945088 
UrsusMaritimus_Maripepa 0.2980214 0.3025596 0.3534692 0.3688595 0.1575339 0.0000000 0.4434270 0.3960462 
Ailuropoda_Siro         0.4018831 0.4234301 0.3919839 0.3971766 0.4466329 0.4434270 0.0000000 0.1683940 
Ailuropoda_Pepe         0.3728694 0.3803719 0.3586148 0.3408876 0.3945088 0.3960462 0.1683940 0.0000000 
