16
UrsusArctos_Margo       0.0000000 0.2049437 0.3429870 0.3629770 0.2912190 0.2980343 0.4018759 0.3728649 0.2880806 0.3176811 0.3809642 0.3430792 0.2193367 0.1052952 0.1207434 0.1489638 
UrsusArctos_Adelaide    0.2049437 0.0000000 0.3477756 0.3588859 0.3136233 0.3025360 0.4234142 0.3803562 0.3478623 0.4202569 0.3358509 0.4434184 0.2715759 0.0670428 0.1933136 0.1765136 
UrsusAmericanus_Noah    0.3429870 0.3477756 0.0000000 0.1752199 0.3637021 0.3534468 0.3919569 0.3585922 0.1450605 0.4130995 0.3700909 0.2605856 0.2916493 0.2366586 0.3052035 0.1997443 
UrsusAmericanus_Montana 0.3629770 0.3588859 0.1752199 0.0000000 0.3773815 0.3688361 0.3971452 0.3408386 0.1077265 0.4027084 0.3826902 0.1380538 0.3358100 0.2117261 0.2951730 0.2341916 
UrsusMaritimus_Maria    0.2912190 0.3136233 0.3637021 0.3773815 0.0000000 0.1575096 0.4466256 0.3944847 0.3584323 0.4478404 0.3926746 0.4179058 0.1112205 0.1460756 0.2310029 0.0723189 
UrsusMaritimus_Maripepa 0.2980343 0.3025360 0.3534468 0.3688361 0.1575096 0.0000000 0.4434212 0.3960270 0.3736493 0.4737164 0.4091351 0.4381176 0.1168925 0.1498247 0.2512193 0.0791948 
Ailuropoda_Siro         0.4018759 0.4234142 0.3919569 0.3971452 0.4466256 0.4434212 0.0000000 0.1683683 0.3622569 0.1722971 0.1528242 0.4412131 0.3378814 0.1679454 0.3632665 0.2377072 
Ailuropoda_Pepe         0.3728649 0.3803562 0.3585922 0.3408386 0.3944847 0.3960270 0.1683683 0.0000000 0.3236569 0.1933594 0.1402809 0.3648030 0.3284501 0.2237537 0.3246893 0.2187183 
UrsusAmericanus_Oskar   0.2880806 0.3478623 0.1450605 0.1077265 0.3584323 0.3736493 0.3622569 0.3236569 0.0000000 0.3275640 0.2170659 0.0990927 0.3022000 0.1317610 0.2890783 0.2325001 
Ailuropoda_Juan         0.3176811 0.4202569 0.4130995 0.4027084 0.4478404 0.4737164 0.1722971 0.1933594 0.3275640 0.0000000 0.1514408 0.3909351 0.3448858 0.1896569 0.3820889 0.2244662 
Ailuropoda_Luisa        0.3809642 0.3358509 0.3700909 0.3826902 0.3926746 0.4091351 0.1528242 0.1402809 0.2170659 0.1514408 0.0000000 0.1750987 0.2699783 0.1283722 0.3813542 0.1245720 
UrsusAmericanus_Summer  0.3430792 0.4434184 0.2605856 0.1380538 0.4179058 0.4381176 0.4412131 0.3648030 0.0990927 0.3909351 0.1750987 0.0000000 0.3605638 0.1768042 0.3039498 0.3067380 
UrsusMaritimus_Margaret 0.2193367 0.2715759 0.2916493 0.3358100 0.1112205 0.1168925 0.3378814 0.3284501 0.3022000 0.3448858 0.2699783 0.3605638 0.0000000 0.1607379 0.1939035 0.0171137 
UrsusArctos_Amparo      0.1052952 0.0670428 0.2366586 0.2117261 0.1460756 0.1498247 0.1679454 0.2237537 0.1317610 0.1896569 0.1283722 0.1768042 0.1607379 0.0000000 0.1064172 0.0779652 
UrsusArctos_Paco        0.1207434 0.1933136 0.3052035 0.2951730 0.2310029 0.2512193 0.3632665 0.3246893 0.2890783 0.3820889 0.3813542 0.3039498 0.1939035 0.1064172 0.0000000 0.1615046 
UrsusMaritimus_Joseph   0.1489638 0.1765136 0.1997443 0.2341916 0.0723189 0.0791948 0.2377072 0.2187183 0.2325001 0.2244662 0.1245720 0.3067380 0.0171137 0.0779652 0.1615046 0.0000000 
