8
UrsusArctos_Margo       0.0000000 0.2049645 0.3429444 0.3629789 0.2912210 0.2980169 0.4018760 0.3728629 
UrsusArctos_Adelaide    0.2049645 0.0000000 0.3477962 0.3589058 0.3136364 0.3025552 0.4234226 0.3803655 
UrsusAmericanus_Noah    0.3429444 0.3477962 0.0000000 0.1752525 0.3637106 0.3534636 0.3919774 0.3586091 
UrsusAmericanus_Montana 0.3629789 0.3589058 0.1752525 0.0000000 0.3774029 0.3688535 0.3971702 0.3408829 
UrsusMaritimus_Maria    0.2912210 0.3136364 0.3637106 0.3774029 0.0000000 0.1575324 0.4466250 0.3945022 
UrsusMaritimus_Maripepa 0.2980169 0.3025552 0.3534636 0.3688535 0.1575324 0.0000000 0.4434189 0.3960395 
Ailuropoda_Siro         0.4018760 0.4234226 0.3919774 0.3971702 0.4466250 0.4434189 0.0000000 0.1683925 
Ailuropoda_Pepe         0.3728629 0.3803655 0.3586091 0.3408829 0.3945022 0.3960395 0.1683925 0.0000000 
